[connected_nodes]
node_ids = [2222631473, 4144723677, 4146216805, 4144717489]
last_updated = 1656772728.433869
topology = {"nodeId": 2222635529, "root": true, "subs": [{"nodeId": 2222631473}, {"nodeId": 4144723677}, {"nodeId": 4146216805, "subs": [{"nodeId": 4144717489}]}]}
root_signal_strength = -84
sensors_last_updated = 1656772744.608882
images_last_updated = 1656771597.048349

